{
 "metadata": {
  "language_info": {
   "codemirror_mode": {
    "name": "ipython",
    "version": 3
   },
   "file_extension": ".py",
   "mimetype": "text/x-python",
   "name": "python",
   "nbconvert_exporter": "python",
   "pygments_lexer": "ipython3",
   "version": "3.8.5"
  },
  "orig_nbformat": 2,
  "kernelspec": {
   "name": "python385jvsc74a57bd05db567347a24615889f1b979a47dbb6f64b096282919561578435e82ed1b21e9",
   "display_name": "Python 3.8.5 64-bit (conda)"
  }
 },
 "nbformat": 4,
 "nbformat_minor": 2,
 "cells": [
  {
   "cell_type": "code",
   "execution_count": 1,
   "metadata": {},
   "outputs": [],
   "source": [
    "import numpy as np"
   ]
  },
  {
   "cell_type": "code",
   "execution_count": 2,
   "metadata": {},
   "outputs": [],
   "source": [
    "A = np.array([\n",
    "    [1, -1, 2],\n",
    "    [3, 2, 2],\n",
    "    [4, 1, 2]\n",
    "])\n",
    "\n",
    "B = np.random.rand(3, 3)"
   ]
  },
  {
   "cell_type": "code",
   "execution_count": 3,
   "metadata": {},
   "outputs": [
    {
     "output_type": "execute_result",
     "data": {
      "text/plain": [
       "array([[ 1, -1,  2],\n",
       "       [ 3,  2,  2],\n",
       "       [ 4,  1,  2]])"
      ]
     },
     "metadata": {},
     "execution_count": 3
    }
   ],
   "source": [
    "A"
   ]
  },
  {
   "cell_type": "code",
   "execution_count": 4,
   "metadata": {},
   "outputs": [
    {
     "output_type": "execute_result",
     "data": {
      "text/plain": [
       "array([[0.0391254 , 0.85970736, 0.17895633],\n",
       "       [0.58515631, 0.71442726, 0.9237154 ],\n",
       "       [0.72814612, 0.69904438, 0.01206338]])"
      ]
     },
     "metadata": {},
     "execution_count": 4
    }
   ],
   "source": [
    "B"
   ]
  },
  {
   "cell_type": "code",
   "execution_count": 5,
   "metadata": {},
   "outputs": [
    {
     "output_type": "execute_result",
     "data": {
      "text/plain": [
       "array([[ 1.0391254 , -0.14029264,  2.17895633],\n",
       "       [ 3.58515631,  2.71442726,  2.9237154 ],\n",
       "       [ 4.72814612,  1.69904438,  2.01206338]])"
      ]
     },
     "metadata": {},
     "execution_count": 5
    }
   ],
   "source": [
    "A + B"
   ]
  },
  {
   "cell_type": "code",
   "execution_count": 6,
   "metadata": {},
   "outputs": [
    {
     "output_type": "execute_result",
     "data": {
      "text/plain": [
       "array([[ 5, -5, 10],\n",
       "       [15, 10, 10],\n",
       "       [20,  5, 10]])"
      ]
     },
     "metadata": {},
     "execution_count": 6
    }
   ],
   "source": [
    "5 * A"
   ]
  },
  {
   "cell_type": "code",
   "execution_count": 7,
   "metadata": {},
   "outputs": [
    {
     "output_type": "execute_result",
     "data": {
      "text/plain": [
       "array([[ 0.91026132,  1.54336887, -0.72063231],\n",
       "       [ 2.74398104,  5.40606539,  2.40842656],\n",
       "       [ 2.19795012,  5.55134549,  1.66366749]])"
      ]
     },
     "metadata": {},
     "execution_count": 7
    }
   ],
   "source": [
    "# 행렬의 곱\n",
    "np.dot(A, B)"
   ]
  },
  {
   "cell_type": "code",
   "execution_count": 8,
   "metadata": {},
   "outputs": [
    {
     "output_type": "execute_result",
     "data": {
      "text/plain": [
       "array([[ 0.91026132,  1.54336887, -0.72063231],\n",
       "       [ 2.74398104,  5.40606539,  2.40842656],\n",
       "       [ 2.19795012,  5.55134549,  1.66366749]])"
      ]
     },
     "metadata": {},
     "execution_count": 8
    }
   ],
   "source": [
    "# 행렬의 곱\n",
    "A @ B"
   ]
  },
  {
   "cell_type": "code",
   "execution_count": 9,
   "metadata": {},
   "outputs": [
    {
     "output_type": "execute_result",
     "data": {
      "text/plain": [
       "array([[1.98851211, 2.2627836 , 1.63728036],\n",
       "       [6.91429367, 8.83491992, 6.25585736],\n",
       "       [7.65424236, 7.94943426, 3.68779425]])"
      ]
     },
     "metadata": {},
     "execution_count": 9
    }
   ],
   "source": [
    "# ()가 우선순위, 또한 곱셈이 우선 순위\n",
    "A @ B + (A + 2 *B)"
   ]
  },
  {
   "cell_type": "code",
   "execution_count": 10,
   "metadata": {},
   "outputs": [
    {
     "output_type": "execute_result",
     "data": {
      "text/plain": [
       "array([[ 0.0391254 , -0.85970736,  0.35791266],\n",
       "       [ 1.75546894,  1.42885453,  1.8474308 ],\n",
       "       [ 2.91258446,  0.69904438,  0.02412676]])"
      ]
     },
     "metadata": {},
     "execution_count": 10
    }
   ],
   "source": [
    "# 요소별 곱\n",
    "A * B"
   ]
  }
 ]
}